%	omega		f, kHz		S0			   A0			  SH0
    0.015704     2.499332   0.291141E-02   0.711426E-01   0.503017E-02
    0.021979     3.497997   0.407477E-02   0.842259E-01   0.703999E-02
    0.028253     4.496662   0.523794E-02   0.955653E-01   0.904989E-02
    0.034528     5.495327   0.640131E-02   0.105723E+00   0.110598E-01
    0.040803     6.493992   0.756460E-02   0.115013E+00   0.130698E-01
    0.047078     7.492657   0.872800E-02   0.123631E+00   0.150796E-01
    0.053353     8.491322   0.989124E-02   0.131708E+00   0.170895E-01
    0.059627     9.489987   0.110546E-01   0.139340E+00   0.190994E-01
    0.065902    10.488652   0.122179E-01   0.146595E+00   0.211093E-01
    0.072177    11.487316   0.133813E-01   0.153526E+00   0.231191E-01
    0.078452    12.485981   0.145446E-01   0.160177E+00   0.251291E-01
    0.084727    13.484646   0.157079E-01   0.166581E+00   0.271390E-01
    0.091001    14.483311   0.168712E-01   0.172764E+00   0.291488E-01
    0.097276    15.481976   0.180347E-01   0.178751E+00   0.311587E-01
    0.103551    16.480641   0.191980E-01   0.184559E+00   0.331686E-01
    0.109826    17.479306   0.203614E-01   0.190206E+00   0.351785E-01
    0.116101    18.477971   0.215247E-01   0.195706E+00   0.371885E-01
    0.122375    19.476636   0.226882E-01   0.201070E+00   0.391984E-01
    0.128650    20.475300   0.238515E-01   0.206309E+00   0.412083E-01
    0.134925    21.473965   0.250149E-01   0.211432E+00   0.432182E-01
    0.141200    22.472630   0.261783E-01   0.216448E+00   0.452280E-01
    0.147474    23.471295   0.273417E-01   0.221365E+00   0.472379E-01
    0.153749    24.469960   0.285051E-01   0.226187E+00   0.492479E-01
    0.160024    25.468625   0.296686E-01   0.230922E+00   0.512577E-01
    0.166299    26.467290   0.308320E-01   0.235575E+00   0.532677E-01
    0.172574    27.465955   0.319955E-01   0.240149E+00   0.552775E-01
    0.178848    28.464619   0.331590E-01   0.244651E+00   0.572874E-01
    0.185123    29.463284   0.343224E-01   0.249084E+00   0.592972E-01
    0.191398    30.461949   0.354859E-01   0.253451E+00   0.613072E-01
    0.197673    31.460614   0.366494E-01   0.257755E+00   0.633171E-01
    0.203948    32.459279   0.378129E-01   0.262001E+00   0.653270E-01
    0.210222    33.457944   0.389764E-01   0.266190E+00   0.673369E-01
    0.216497    34.456609   0.401399E-01   0.270325E+00   0.693467E-01
    0.222772    35.455274   0.413035E-01   0.274409E+00   0.713566E-01
    0.229047    36.453939   0.424671E-01   0.278444E+00   0.733666E-01
    0.235322    37.452603   0.436306E-01   0.282432E+00   0.753764E-01
    0.241596    38.451268   0.447943E-01   0.286376E+00   0.773863E-01
    0.247871    39.449933   0.459579E-01   0.290276E+00   0.793962E-01
    0.254146    40.448598   0.471214E-01   0.294134E+00   0.814061E-01
    0.260421    41.447263   0.482850E-01   0.297953E+00   0.834160E-01
    0.266696    42.445928   0.494487E-01   0.301734E+00   0.854259E-01
    0.272970    43.444593   0.506124E-01   0.305478E+00   0.874358E-01
    0.279245    44.443258   0.517760E-01   0.309186E+00   0.894457E-01
    0.285520    45.441923   0.529398E-01   0.312860E+00   0.914556E-01
    0.291795    46.440587   0.541034E-01   0.316501E+00   0.934655E-01
    0.298070    47.439252   0.552671E-01   0.320110E+00   0.954754E-01
    0.304344    48.437917   0.564309E-01   0.323689E+00   0.974852E-01
    0.310619    49.436582   0.575947E-01   0.327237E+00   0.994952E-01
    0.316894    50.435247   0.587585E-01   0.330757E+00   0.101505E+00
    0.323169    51.433912   0.599223E-01   0.334249E+00   0.103515E+00
    0.329444    52.432577   0.610862E-01   0.337714E+00   0.105525E+00
    0.335718    53.431242   0.622500E-01   0.341152E+00   0.107535E+00
    0.341993    54.429907   0.634139E-01   0.344565E+00   0.109545E+00
    0.348268    55.428571   0.645778E-01   0.347954E+00   0.111555E+00
    0.354543    56.427236   0.657416E-01   0.351318E+00   0.113564E+00
    0.360818    57.425901   0.669056E-01   0.354659E+00   0.115574E+00
    0.367092    58.424566   0.680696E-01   0.357978E+00   0.117584E+00
    0.373367    59.423231   0.692335E-01   0.361274E+00   0.119594E+00
    0.379642    60.421896   0.703975E-01   0.364550E+00   0.121604E+00
    0.385917    61.420561   0.715615E-01   0.367804E+00   0.123614E+00
    0.392192    62.419226   0.727256E-01   0.371038E+00   0.125624E+00
    0.398466    63.417891   0.738897E-01   0.374252E+00   0.127634E+00
    0.404741    64.416555   0.750537E-01   0.377448E+00   0.129644E+00
    0.411016    65.415220   0.762179E-01   0.380624E+00   0.131654E+00
    0.417291    66.413885   0.773821E-01   0.383782E+00   0.133663E+00
    0.423566    67.412550   0.785461E-01   0.386922E+00   0.135673E+00
    0.429840    68.411215   0.797105E-01   0.390045E+00   0.137683E+00
    0.436115    69.409880   0.808746E-01   0.393151E+00   0.139693E+00
    0.442390    70.408545   0.820389E-01   0.396241E+00   0.141703E+00
    0.448665    71.407210   0.832031E-01   0.399314E+00   0.143713E+00
    0.454940    72.405874   0.843674E-01   0.402372E+00   0.145723E+00
    0.461214    73.404539   0.855318E-01   0.405414E+00   0.147733E+00
    0.467489    74.403204   0.866962E-01   0.408441E+00   0.149743E+00
    0.473764    75.401869   0.878606E-01   0.411453E+00   0.151752E+00
    0.480039    76.400534   0.890250E-01   0.414451E+00   0.153762E+00
    0.486314    77.399199   0.901894E-01   0.417434E+00   0.155772E+00
    0.492588    78.397864   0.913539E-01   0.420404E+00   0.157782E+00
    0.498863    79.396529   0.925185E-01   0.423361E+00   0.159792E+00
    0.505138    80.395194   0.936830E-01   0.426304E+00   0.161802E+00
    0.511413    81.393858   0.948476E-01   0.429234E+00   0.163812E+00
    0.517687    82.392523   0.960122E-01   0.432152E+00   0.165822E+00
    0.523962    83.391188   0.971768E-01   0.435057E+00   0.167832E+00
    0.530237    84.389853   0.983414E-01   0.437950E+00   0.169841E+00
    0.536512    85.388518   0.995061E-01   0.440831E+00   0.171851E+00
    0.542787    86.387183   0.100671E+00   0.443700E+00   0.173861E+00
    0.549061    87.385848   0.101836E+00   0.446558E+00   0.175871E+00
    0.555336    88.384513   0.103000E+00   0.449405E+00   0.177881E+00
    0.561611    89.383178   0.104165E+00   0.452240E+00   0.179891E+00
    0.567886    90.381842   0.105330E+00   0.455065E+00   0.181901E+00
    0.574161    91.380507   0.106495E+00   0.457879E+00   0.183911E+00
    0.580435    92.379172   0.107660E+00   0.460683E+00   0.185921E+00
    0.586710    93.377837   0.108825E+00   0.463477E+00   0.187930E+00
    0.592985    94.376502   0.109990E+00   0.466261E+00   0.189940E+00
    0.599260    95.375167   0.111155E+00   0.469034E+00   0.191950E+00
    0.605535    96.373832   0.112320E+00   0.471798E+00   0.193960E+00
    0.611809    97.372497   0.113485E+00   0.474553E+00   0.195970E+00
    0.618084    98.371162   0.114650E+00   0.477298E+00   0.197980E+00
    0.624359    99.369826   0.115816E+00   0.480034E+00   0.199990E+00
    0.630634   100.368491   0.116981E+00   0.482761E+00   0.202000E+00
    0.636909   101.367156   0.118146E+00   0.485480E+00   0.204010E+00
    0.643183   102.365821   0.119311E+00   0.488189E+00   0.206020E+00
    0.649458   103.364486   0.120477E+00   0.490890E+00   0.208029E+00
    0.655733   104.363151   0.121642E+00   0.493583E+00   0.210039E+00
    0.662008   105.361816   0.122808E+00   0.496267E+00   0.212049E+00
    0.668283   106.360481   0.123973E+00   0.498943E+00   0.214059E+00
    0.674557   107.359146   0.125139E+00   0.501611E+00   0.216069E+00
    0.680832   108.357810   0.126304E+00   0.504272E+00   0.218079E+00
    0.687107   109.356475   0.127470E+00   0.506924E+00   0.220089E+00
    0.693382   110.355140   0.128635E+00   0.509569E+00   0.222099E+00
    0.699657   111.353805   0.129801E+00   0.512207E+00   0.224109E+00
    0.705931   112.352470   0.130967E+00   0.514837E+00   0.226119E+00
    0.712206   113.351135   0.132133E+00   0.517460E+00   0.228128E+00
    0.718481   114.349800   0.133298E+00   0.520075E+00   0.230138E+00
    0.724756   115.348465   0.134464E+00   0.522684E+00   0.232148E+00
    0.731031   116.347130   0.135630E+00   0.525286E+00   0.234158E+00
    0.737305   117.345794   0.136796E+00   0.527880E+00   0.236168E+00
    0.743580   118.344459   0.137962E+00   0.530469E+00   0.238178E+00
    0.749855   119.343124   0.139128E+00   0.533050E+00   0.240188E+00
    0.756130   120.341789   0.140294E+00   0.535625E+00   0.242198E+00
    0.762405   121.340454   0.141461E+00   0.538194E+00   0.244208E+00
    0.768679   122.339119   0.142627E+00   0.540756E+00   0.246217E+00
    0.774954   123.337784   0.143793E+00   0.543312E+00   0.248227E+00
    0.781229   124.336449   0.144959E+00   0.545862E+00   0.250237E+00
    0.787504   125.335113   0.146126E+00   0.548406E+00   0.252247E+00
    0.793779   126.333778   0.147292E+00   0.550944E+00   0.254257E+00
    0.800053   127.332443   0.148458E+00   0.553476E+00   0.256267E+00
    0.806328   128.331108   0.149625E+00   0.556002E+00   0.258277E+00
    0.812603   129.329773   0.150791E+00   0.558523E+00   0.260287E+00
    0.818878   130.328438   0.151958E+00   0.561038E+00   0.262297E+00
    0.825153   131.327103   0.153125E+00   0.563547E+00   0.264307E+00
    0.831427   132.325768   0.154291E+00   0.566051E+00   0.266316E+00
    0.837702   133.324433   0.155458E+00   0.568549E+00   0.268326E+00
    0.843977   134.323097   0.156625E+00   0.571042E+00   0.270336E+00
    0.850252   135.321762   0.157792E+00   0.573530E+00   0.272346E+00
    0.856527   136.320427   0.158959E+00   0.576013E+00   0.274356E+00
    0.862801   137.319092   0.160126E+00   0.578490E+00   0.276366E+00
    0.869076   138.317757   0.161293E+00   0.580963E+00   0.278376E+00
    0.875351   139.316422   0.162460E+00   0.583430E+00   0.280386E+00
    0.881626   140.315087   0.163627E+00   0.585893E+00   0.282396E+00
    0.887900   141.313752   0.164794E+00   0.588351E+00   0.284406E+00
    0.894175   142.312417   0.165961E+00   0.590804E+00   0.286415E+00
    0.900450   143.311081   0.167129E+00   0.593252E+00   0.288425E+00
    0.906725   144.309746   0.168296E+00   0.595695E+00   0.290435E+00
    0.913000   145.308411   0.169463E+00   0.598134E+00   0.292445E+00
    0.919274   146.307076   0.170631E+00   0.600569E+00   0.294455E+00
    0.925549   147.305741   0.171798E+00   0.602999E+00   0.296465E+00
    0.931824   148.304406   0.172966E+00   0.605424E+00   0.298475E+00
    0.938099   149.303071   0.174134E+00   0.607845E+00   0.300485E+00
    0.944374   150.301736   0.175301E+00   0.610262E+00   0.302495E+00
    0.950648   151.300401   0.176469E+00   0.612674E+00   0.304504E+00
    0.956923   152.299065   0.177637E+00   0.615083E+00   0.306514E+00
    0.963198   153.297730   0.178805E+00   0.617487E+00   0.308524E+00
    0.969473   154.296395   0.179973E+00   0.619887E+00   0.310534E+00
    0.975748   155.295060   0.181141E+00   0.622283E+00   0.312544E+00
    0.982022   156.293725   0.182309E+00   0.624675E+00   0.314554E+00
    0.988297   157.292390   0.183477E+00   0.627063E+00   0.316564E+00
    0.994572   158.291055   0.184645E+00   0.629447E+00   0.318574E+00
    1.000847   159.289720   0.185813E+00   0.631827E+00   0.320584E+00
    1.007122   160.288385   0.186982E+00   0.634203E+00   0.322593E+00
    1.013396   161.287049   0.188150E+00   0.636576E+00   0.324603E+00
    1.019671   162.285714   0.189319E+00   0.638945E+00   0.326613E+00
    1.025946   163.284379   0.190487E+00   0.641310E+00   0.328623E+00
    1.032221   164.283044   0.191656E+00   0.643671E+00   0.330633E+00
    1.038496   165.281709   0.192824E+00   0.646029E+00   0.332643E+00
    1.044770   166.280374   0.193993E+00   0.648384E+00   0.334653E+00
    1.051045   167.279039   0.195162E+00   0.650735E+00   0.336663E+00
    1.057320   168.277704   0.196331E+00   0.653082E+00   0.338673E+00
    1.063595   169.276368   0.197499E+00   0.655426E+00   0.340683E+00
    1.069870   170.275033   0.198668E+00   0.657766E+00   0.342692E+00
    1.076144   171.273698   0.199838E+00   0.660104E+00   0.344702E+00
    1.082419   172.272363   0.201007E+00   0.662437E+00   0.346712E+00
    1.088694   173.271028   0.202176E+00   0.664768E+00   0.348722E+00
    1.094969   174.269693   0.203345E+00   0.667095E+00   0.350732E+00
    1.101244   175.268358   0.204514E+00   0.669419E+00   0.352742E+00
    1.107518   176.267023   0.205684E+00   0.671740E+00   0.354752E+00
    1.113793   177.265688   0.206853E+00   0.674058E+00   0.356762E+00
    1.120068   178.264352   0.208023E+00   0.676373E+00   0.358772E+00
    1.126343   179.263017   0.209192E+00   0.678685E+00   0.360781E+00
    1.132618   180.261682   0.210362E+00   0.680993E+00   0.362791E+00
    1.138892   181.260347   0.211532E+00   0.683299E+00   0.364801E+00
    1.145167   182.259012   0.212702E+00   0.685601E+00   0.366811E+00
    1.151442   183.257677   0.213872E+00   0.687901E+00   0.368821E+00
    1.157717   184.256342   0.215042E+00   0.690198E+00   0.370831E+00
    1.163992   185.255007   0.216212E+00   0.692492E+00   0.372841E+00
    1.170266   186.253672   0.217382E+00   0.694783E+00   0.374851E+00
    1.176541   187.252336   0.218552E+00   0.697071E+00   0.376861E+00
    1.182816   188.251001   0.219723E+00   0.699356E+00   0.378871E+00
    1.189091   189.249666   0.220893E+00   0.701639E+00   0.380880E+00
    1.195366   190.248331   0.222063E+00   0.703919E+00   0.382890E+00
    1.201640   191.246996   0.223234E+00   0.706196E+00   0.384900E+00
    1.207915   192.245661   0.224405E+00   0.708471E+00   0.386910E+00
    1.214190   193.244326   0.225575E+00   0.710743E+00   0.388920E+00
    1.220465   194.242991   0.226746E+00   0.713012E+00   0.390930E+00
    1.226740   195.241656   0.227917E+00   0.715279E+00   0.392940E+00
    1.233014   196.240320   0.229088E+00   0.717543E+00   0.394950E+00
    1.239289   197.238985   0.230259E+00   0.719805E+00   0.396960E+00
    1.245564   198.237650   0.231430E+00   0.722064E+00   0.398970E+00
    1.251839   199.236315   0.232601E+00   0.724320E+00   0.400979E+00
    1.258113   200.234980   0.233772E+00   0.726575E+00   0.402989E+00
    1.264388   201.233645   0.234944E+00   0.728827E+00   0.404999E+00
    1.270663   202.232310   0.236115E+00   0.731076E+00   0.407009E+00
    1.276938   203.230975   0.237287E+00   0.733323E+00   0.409019E+00
    1.283213   204.229640   0.238458E+00   0.735568E+00   0.411029E+00
    1.289487   205.228304   0.239630E+00   0.737810E+00   0.413039E+00
    1.295762   206.226969   0.240802E+00   0.740050E+00   0.415049E+00
    1.302037   207.225634   0.241973E+00   0.742288E+00   0.417059E+00
    1.308312   208.224299   0.243145E+00   0.744523E+00   0.419068E+00
    1.314587   209.222964   0.244317E+00   0.746756E+00   0.421078E+00
    1.320861   210.221629   0.245489E+00   0.748987E+00   0.423088E+00
    1.327136   211.220294   0.246662E+00   0.751216E+00   0.425098E+00
    1.333411   212.218959   0.247834E+00   0.753443E+00   0.427108E+00
    1.339686   213.217623   0.249006E+00   0.755667E+00   0.429118E+00
    1.345961   214.216288   0.250179E+00   0.757889E+00   0.431128E+00
    1.352235   215.214953   0.251351E+00   0.760110E+00   0.433138E+00
    1.358510   216.213618   0.252524E+00   0.762328E+00   0.435148E+00
    1.364785   217.212283   0.253697E+00   0.764544E+00   0.437157E+00
    1.371060   218.210948   0.254870E+00   0.766758E+00   0.439167E+00
    1.377335   219.209613   0.256042E+00   0.768970E+00   0.441177E+00
    1.383609   220.208278   0.257215E+00   0.771180E+00   0.443187E+00
    1.389884   221.206943   0.258389E+00   0.773388E+00   0.445197E+00
    1.396159   222.205607   0.259562E+00   0.775594E+00   0.447207E+00
    1.402434   223.204272   0.260735E+00   0.777798E+00   0.449217E+00
    1.408709   224.202937   0.261908E+00   0.780000E+00   0.451227E+00
    1.414983   225.201602   0.263082E+00   0.782200E+00   0.453237E+00
    1.421258   226.200267   0.264255E+00   0.784399E+00   0.455247E+00
    1.427533   227.198932   0.265429E+00   0.786595E+00   0.457256E+00
    1.433808   228.197597   0.266603E+00   0.788790E+00   0.459266E+00
    1.440083   229.196262   0.267777E+00   0.790982E+00   0.461276E+00
    1.446357   230.194927   0.268951E+00   0.793173E+00   0.463286E+00
    1.452632   231.193591   0.270125E+00   0.795362E+00   0.465296E+00
    1.458907   232.192256   0.271299E+00   0.797549E+00   0.467306E+00
    1.465182   233.190921   0.272473E+00   0.799735E+00   0.469316E+00
    1.471457   234.189586   0.273647E+00   0.801919E+00   0.471326E+00
    1.477731   235.188251   0.274822E+00   0.804101E+00   0.473336E+00
    1.484006   236.186916   0.275996E+00   0.806281E+00   0.475346E+00
    1.490281   237.185581   0.277171E+00   0.808460E+00   0.477355E+00
    1.496556   238.184246   0.278346E+00   0.810636E+00   0.479365E+00
    1.502831   239.182911   0.279521E+00   0.812812E+00   0.481375E+00
    1.509105   240.181575   0.280696E+00   0.814985E+00   0.483385E+00
    1.515380   241.180240   0.281871E+00   0.817157E+00   0.485395E+00
    1.521655   242.178905   0.283046E+00   0.819327E+00   0.487405E+00
    1.527930   243.177570   0.284221E+00   0.821496E+00   0.489415E+00
    1.534205   244.176235   0.285397E+00   0.823663E+00   0.491425E+00
    1.540479   245.174900   0.286572E+00   0.825828E+00   0.493434E+00
    1.546754   246.173565   0.287748E+00   0.827992E+00   0.495444E+00
    1.553029   247.172230   0.288923E+00   0.830155E+00   0.497454E+00
    1.559304   248.170895   0.290099E+00   0.832315E+00   0.499464E+00
    1.565579   249.169559   0.291275E+00   0.834474E+00   0.501474E+00
    1.571853   250.168224   0.292451E+00   0.836632E+00   0.503484E+00
    1.578128   251.166889   0.293627E+00   0.838788E+00   0.505494E+00
    1.584403   252.165554   0.294803E+00   0.840943E+00   0.507504E+00
    1.590678   253.164219   0.295980E+00   0.843096E+00   0.509514E+00
    1.596952   254.162884   0.297156E+00   0.845248E+00   0.511524E+00
    1.603227   255.161549   0.298333E+00   0.847398E+00   0.513534E+00
    1.609502   256.160214   0.299509E+00   0.849547E+00   0.515543E+00
    1.615777   257.158879   0.300686E+00   0.851695E+00   0.517553E+00
    1.622052   258.157543   0.301863E+00   0.853840E+00   0.519563E+00
    1.628326   259.156208   0.303040E+00   0.855985E+00   0.521573E+00
    1.634601   260.154873   0.304217E+00   0.858128E+00   0.523583E+00
    1.640876   261.153538   0.305394E+00   0.860270E+00   0.525593E+00
    1.647151   262.152203   0.306572E+00   0.862411E+00   0.527603E+00
    1.653426   263.150868   0.307749E+00   0.864550E+00   0.529613E+00
    1.659700   264.149533   0.308927E+00   0.866688E+00   0.531623E+00
    1.665975   265.148198   0.310104E+00   0.868824E+00   0.533632E+00
    1.672250   266.146862   0.311282E+00   0.870959E+00   0.535642E+00
    1.678525   267.145527   0.312460E+00   0.873093E+00   0.537652E+00
    1.684800   268.144192   0.313638E+00   0.875226E+00   0.539662E+00
    1.691074   269.142857   0.314816E+00   0.877357E+00   0.541672E+00
    1.697349   270.141522   0.315995E+00   0.879487E+00   0.543682E+00
    1.703624   271.140187   0.317173E+00   0.881615E+00   0.545692E+00
    1.709899   272.138852   0.318352E+00   0.883743E+00   0.547702E+00
    1.716174   273.137517   0.319530E+00   0.885869E+00   0.549712E+00
    1.722448   274.136182   0.320709E+00   0.887994E+00   0.551722E+00
    1.728723   275.134846   0.321888E+00   0.890118E+00   0.553731E+00
    1.734998   276.133511   0.323067E+00   0.892241E+00   0.555741E+00
    1.741273   277.132176   0.324246E+00   0.894362E+00   0.557751E+00
    1.747548   278.130841   0.325425E+00   0.896482E+00   0.559761E+00
    1.753822   279.129506   0.326605E+00   0.898601E+00   0.561771E+00
    1.760097   280.128171   0.327784E+00   0.900719E+00   0.563781E+00
    1.766372   281.126836   0.328964E+00   0.902836E+00   0.565791E+00
    1.772647   282.125501   0.330143E+00   0.904951E+00   0.567801E+00
    1.778922   283.124166   0.331323E+00   0.907066E+00   0.569811E+00
    1.785196   284.122830   0.332503E+00   0.909179E+00   0.571820E+00
    1.791471   285.121495   0.333684E+00   0.911291E+00   0.573830E+00
    1.797746   286.120160   0.334864E+00   0.913402E+00   0.575840E+00
    1.804021   287.118825   0.336044E+00   0.915512E+00   0.577850E+00
    1.810296   288.117490   0.337225E+00   0.917621E+00   0.579860E+00
    1.816570   289.116155   0.338405E+00   0.919729E+00   0.581870E+00
    1.822845   290.114820   0.339586E+00   0.921835E+00   0.583880E+00
    1.829120   291.113485   0.340767E+00   0.923941E+00   0.585890E+00
    1.835395   292.112150   0.341948E+00   0.926046E+00   0.587900E+00
    1.841670   293.110814   0.343129E+00   0.928149E+00   0.589909E+00
    1.847944   294.109479   0.344310E+00   0.930252E+00   0.591919E+00
    1.854219   295.108144   0.345492E+00   0.932353E+00   0.593929E+00
    1.860494   296.106809   0.346673E+00   0.934454E+00   0.595939E+00
    1.866769   297.105474   0.347855E+00   0.936553E+00   0.597949E+00
    1.873044   298.104139   0.349037E+00   0.938652E+00   0.599959E+00
    1.879318   299.102804   0.350219E+00   0.940749E+00   0.601969E+00
    1.885593   300.101469   0.351401E+00   0.942846E+00   0.603979E+00
    1.891868   301.100134   0.352583E+00   0.944941E+00   0.605989E+00
    1.898143   302.098798   0.353766E+00   0.947036E+00   0.607999E+00
    1.904418   303.097463   0.354948E+00   0.949129E+00   0.610009E+00
    1.910692   304.096128   0.356131E+00   0.951222E+00   0.612018E+00
    1.916967   305.094793   0.357314E+00   0.953313E+00   0.614028E+00
    1.923242   306.093458   0.358497E+00   0.955404E+00   0.616038E+00
    1.929517   307.092123   0.359680E+00   0.957494E+00   0.618048E+00
    1.935792   308.090788   0.360863E+00   0.959583E+00   0.620058E+00
    1.942066   309.089453   0.362047E+00   0.961671E+00   0.622068E+00
    1.948341   310.088117   0.363230E+00   0.963758E+00   0.624078E+00
    1.954616   311.086782   0.364414E+00   0.965844E+00   0.626088E+00
    1.960891   312.085447   0.365598E+00   0.967929E+00   0.628098E+00
    1.967165   313.084112   0.366781E+00   0.970014E+00   0.630107E+00
    1.973440   314.082777   0.367966E+00   0.972097E+00   0.632117E+00
    1.979715   315.081442   0.369150E+00   0.974180E+00   0.634127E+00
    1.985990   316.080107   0.370334E+00   0.976262E+00   0.636137E+00
    1.992265   317.078772   0.371519E+00   0.978343E+00   0.638147E+00
    1.998539   318.077437   0.372703E+00   0.980423E+00   0.640157E+00
    2.004814   319.076101   0.373888E+00   0.982502E+00   0.642167E+00
    2.011089   320.074766   0.375073E+00   0.984580E+00   0.644177E+00
    2.017364   321.073431   0.376258E+00   0.986658E+00   0.646186E+00
    2.023639   322.072096   0.377444E+00   0.988735E+00   0.648196E+00
    2.029913   323.070761   0.378629E+00   0.990811E+00   0.650206E+00
    2.036188   324.069426   0.379815E+00   0.992886E+00   0.652216E+00
    2.042463   325.068091   0.381000E+00   0.994960E+00   0.654226E+00
    2.048738   326.066756   0.382186E+00   0.997034E+00   0.656236E+00
    2.055013   327.065421   0.383372E+00   0.999106E+00   0.658246E+00
    2.061287   328.064085   0.384559E+00   0.100118E+01   0.660256E+00
    2.067562   329.062750   0.385745E+00   0.100325E+01   0.662266E+00
    2.073837   330.061415   0.386931E+00   0.100532E+01   0.664276E+00
    2.080112   331.060080   0.388118E+00   0.100739E+01   0.666285E+00
    2.086387   332.058745   0.389305E+00   0.100946E+01   0.668295E+00
    2.092661   333.057410   0.390492E+00   0.101153E+01   0.670305E+00
    2.098936   334.056075   0.391679E+00   0.101359E+01   0.672315E+00
    2.105211   335.054740   0.392866E+00   0.101566E+01   0.674325E+00
    2.111486   336.053405   0.394054E+00   0.101773E+01   0.676335E+00
    2.117761   337.052069   0.395242E+00   0.101979E+01   0.678345E+00
    2.124035   338.050734   0.396429E+00   0.102186E+01   0.680355E+00
    2.130310   339.049399   0.397617E+00   0.102392E+01   0.682365E+00
    2.136585   340.048064   0.398805E+00   0.102598E+01   0.684375E+00
    2.142860   341.046729   0.399994E+00   0.102805E+01   0.686384E+00
    2.149135   342.045394   0.401182E+00   0.103011E+01   0.688394E+00
    2.155409   343.044059   0.402371E+00   0.103217E+01   0.690404E+00
    2.161684   344.042724   0.403560E+00   0.103423E+01   0.692414E+00
    2.167959   345.041389   0.404749E+00   0.103629E+01   0.694424E+00
    2.174234   346.040053   0.405938E+00   0.103835E+01   0.696434E+00
    2.180509   347.038718   0.407127E+00   0.104041E+01   0.698444E+00
    2.186783   348.037383   0.408316E+00   0.104246E+01   0.700454E+00
    2.193058   349.036048   0.409506E+00   0.104452E+01   0.702464E+00
    2.199333   350.034713   0.410696E+00   0.104658E+01   0.704474E+00
    2.205608   351.033378   0.411886E+00   0.104863E+01   0.706483E+00
    2.211883   352.032043   0.413076E+00   0.105069E+01   0.708493E+00
    2.218157   353.030708   0.414266E+00   0.105274E+01   0.710503E+00
    2.224432   354.029372   0.415457E+00   0.105480E+01   0.712513E+00
    2.230707   355.028037   0.416647E+00   0.105685E+01   0.714523E+00
    2.236982   356.026702   0.417838E+00   0.105890E+01   0.716533E+00
    2.243257   357.025367   0.419029E+00   0.106095E+01   0.718543E+00
    2.249531   358.024032   0.420220E+00   0.106300E+01   0.720553E+00
    2.255806   359.022697   0.421412E+00   0.106505E+01   0.722562E+00
    2.262081   360.021362   0.422603E+00   0.106710E+01   0.724572E+00
    2.268356   361.020027   0.423795E+00   0.106915E+01   0.726582E+00
    2.274631   362.018692   0.424987E+00   0.107120E+01   0.728592E+00
    2.280905   363.017356   0.426179E+00   0.107325E+01   0.730602E+00
    2.287180   364.016021   0.427371E+00   0.107530E+01   0.732612E+00
    2.293455   365.014686   0.428564E+00   0.107735E+01   0.734622E+00
    2.299730   366.013351   0.429756E+00   0.107939E+01   0.736632E+00
    2.306005   367.012016   0.430949E+00   0.108144E+01   0.738642E+00
    2.312279   368.010681   0.432142E+00   0.108348E+01   0.740652E+00
    2.318554   369.009346   0.433335E+00   0.108553E+01   0.742661E+00
    2.324829   370.008011   0.434529E+00   0.108757E+01   0.744671E+00
    2.331104   371.006676   0.435722E+00   0.108962E+01   0.746681E+00
    2.337378   372.005340   0.436916E+00   0.109166E+01   0.748691E+00
    2.343653   373.004005   0.438110E+00   0.109370E+01   0.750701E+00
    2.349928   374.002670   0.439304E+00   0.109574E+01   0.752711E+00
    2.356203   375.001335   0.440498E+00   0.109779E+01   0.754721E+00
    2.362478   376.000000   0.441693E+00   0.109983E+01   0.756731E+00
    2.368752   376.998665   0.442888E+00   0.110187E+01   0.758741E+00
    2.375027   377.997330   0.444083E+00   0.110391E+01   0.760751E+00
    2.381302   378.995995   0.445278E+00   0.110595E+01   0.762760E+00
    2.387577   379.994660   0.446473E+00   0.110799E+01   0.764770E+00
    2.393852   380.993324   0.447668E+00   0.111003E+01   0.766780E+00
    2.400126   381.991989   0.448864E+00   0.111206E+01   0.768790E+00
    2.406401   382.990654   0.450060E+00   0.111410E+01   0.770800E+00
    2.412676   383.989319   0.451256E+00   0.111614E+01   0.772810E+00
    2.418951   384.987984   0.452452E+00   0.111817E+01   0.774820E+00
    2.425226   385.986649   0.453649E+00   0.112021E+01   0.776830E+00
    2.431500   386.985314   0.454845E+00   0.112225E+01   0.778840E+00
    2.437775   387.983979   0.456042E+00   0.112428E+01   0.780849E+00
    2.444050   388.982644   0.457239E+00   0.112632E+01   0.782859E+00
    2.450325   389.981308   0.458437E+00   0.112835E+01   0.784869E+00
    2.456600   390.979973   0.459634E+00   0.113038E+01   0.786879E+00
    2.462874   391.978638   0.460832E+00   0.113242E+01   0.788889E+00
    2.469149   392.977303   0.462030E+00   0.113445E+01   0.790899E+00
    2.475424   393.975968   0.463228E+00   0.113648E+01   0.792909E+00
    2.481699   394.974633   0.464426E+00   0.113851E+01   0.794919E+00
    2.487974   395.973298   0.465624E+00   0.114054E+01   0.796929E+00
    2.494248   396.971963   0.466823E+00   0.114257E+01   0.798939E+00
    2.500523   397.970628   0.468022E+00   0.114461E+01   0.800949E+00
    2.506798   398.969292   0.469221E+00   0.114664E+01   0.802958E+00
    2.513073   399.967957   0.470420E+00   0.114866E+01   0.804968E+00
    2.519348   400.966622   0.471620E+00   0.115069E+01   0.806978E+00
    2.525622   401.965287   0.472820E+00   0.115272E+01   0.808988E+00
    2.531897   402.963952   0.474020E+00   0.115475E+01   0.810998E+00
    2.538172   403.962617   0.475220E+00   0.115678E+01   0.813008E+00
    2.544447   404.961282   0.476420E+00   0.115881E+01   0.815018E+00
    2.550722   405.959947   0.477621E+00   0.116083E+01   0.817028E+00
    2.556996   406.958611   0.478822E+00   0.116286E+01   0.819038E+00
    2.563271   407.957276   0.480023E+00   0.116489E+01   0.821047E+00
    2.569546   408.955941   0.481224E+00   0.116691E+01   0.823057E+00
    2.575821   409.954606   0.482426E+00   0.116894E+01   0.825067E+00
    2.582096   410.953271   0.483627E+00   0.117096E+01   0.827077E+00
    2.588370   411.951936   0.484829E+00   0.117299E+01   0.829087E+00
    2.594645   412.950601   0.486031E+00   0.117501E+01   0.831097E+00
    2.600920   413.949266   0.487234E+00   0.117703E+01   0.833107E+00
    2.607195   414.947931   0.488436E+00   0.117906E+01   0.835117E+00
    2.613470   415.946595   0.489639E+00   0.118108E+01   0.837127E+00
    2.619744   416.945260   0.490842E+00   0.118310E+01   0.839136E+00
    2.626019   417.943925   0.492046E+00   0.118513E+01   0.841146E+00
    2.632294   418.942590   0.493249E+00   0.118715E+01   0.843156E+00
    2.638569   419.941255   0.494453E+00   0.118917E+01   0.845166E+00
    2.644844   420.939920   0.495657E+00   0.119119E+01   0.847176E+00
    2.651118   421.938585   0.496861E+00   0.119321E+01   0.849186E+00
    2.657393   422.937250   0.498066E+00   0.119523E+01   0.851196E+00
    2.663668   423.935915   0.499270E+00   0.119725E+01   0.853206E+00
    2.669943   424.934579   0.500475E+00   0.119927E+01   0.855216E+00
    2.676218   425.933244   0.501680E+00   0.120129E+01   0.857225E+00
    2.682492   426.931909   0.502886E+00   0.120331E+01   0.859235E+00
    2.688767   427.930574   0.504091E+00   0.120533E+01   0.861245E+00
    2.695042   428.929239   0.505297E+00   0.120735E+01   0.863255E+00
    2.701317   429.927904   0.506503E+00   0.120937E+01   0.865265E+00
    2.707591   430.926569   0.507710E+00   0.121138E+01   0.867275E+00
    2.713866   431.925234   0.508916E+00   0.121340E+01   0.869285E+00
    2.720141   432.923899   0.510123E+00   0.121542E+01   0.871295E+00
    2.726416   433.922563   0.511330E+00   0.121743E+01   0.873305E+00
    2.732691   434.921228   0.512537E+00   0.121945E+01   0.875315E+00
    2.738965   435.919893   0.513745E+00   0.122147E+01   0.877324E+00
    2.745240   436.918558   0.514953E+00   0.122348E+01   0.879334E+00
    2.751515   437.917223   0.516161E+00   0.122550E+01   0.881344E+00
    2.757790   438.915888   0.517369E+00   0.122751E+01   0.883354E+00
    2.764065   439.914553   0.518578E+00   0.122953E+01   0.885364E+00
    2.770339   440.913218   0.519787E+00   0.123154E+01   0.887374E+00
    2.776614   441.911883   0.520996E+00   0.123356E+01   0.889384E+00
    2.782889   442.910547   0.522205E+00   0.123557E+01   0.891394E+00
    2.789164   443.909212   0.523414E+00   0.123758E+01   0.893404E+00
    2.795439   444.907877   0.524624E+00   0.123960E+01   0.895413E+00
    2.801713   445.906542   0.525834E+00   0.124161E+01   0.897423E+00
    2.807988   446.905207   0.527045E+00   0.124362E+01   0.899433E+00
    2.814263   447.903872   0.528255E+00   0.124564E+01   0.901443E+00
    2.820538   448.902537   0.529466E+00   0.124765E+01   0.903453E+00
    2.826813   449.901202   0.530677E+00   0.124966E+01   0.905463E+00
    2.833087   450.899866   0.531889E+00   0.125167E+01   0.907473E+00
    2.839362   451.898531   0.533100E+00   0.125368E+01   0.909483E+00
    2.845637   452.897196   0.534312E+00   0.125569E+01   0.911493E+00
    2.851912   453.895861   0.535524E+00   0.125770E+01   0.913503E+00
    2.858187   454.894526   0.536737E+00   0.125971E+01   0.915512E+00
    2.864461   455.893191   0.537950E+00   0.126173E+01   0.917522E+00
    2.870736   456.891856   0.539163E+00   0.126373E+01   0.919532E+00
    2.877011   457.890521   0.540376E+00   0.126574E+01   0.921542E+00
    2.883286   458.889186   0.541589E+00   0.126775E+01   0.923552E+00
    2.889561   459.887850   0.542803E+00   0.126976E+01   0.925562E+00
    2.895835   460.886515   0.544017E+00   0.127177E+01   0.927572E+00
    2.902110   461.885180   0.545231E+00   0.127378E+01   0.929582E+00
    2.908385   462.883845   0.546446E+00   0.127579E+01   0.931592E+00
    2.914660   463.882510   0.547661E+00   0.127780E+01   0.933602E+00
    2.920935   464.881175   0.548876E+00   0.127980E+01   0.935611E+00
    2.927209   465.879840   0.550092E+00   0.128181E+01   0.937621E+00
    2.933484   466.878505   0.551307E+00   0.128382E+01   0.939631E+00
    2.939759   467.877170   0.552523E+00   0.128583E+01   0.941641E+00
    2.946034   468.875834   0.553740E+00   0.128783E+01   0.943651E+00
    2.952309   469.874499   0.554956E+00   0.128984E+01   0.945661E+00
    2.958583   470.873164   0.556173E+00   0.129185E+01   0.947671E+00
    2.964858   471.871829   0.557390E+00   0.129385E+01   0.949681E+00
    2.971133   472.870494   0.558608E+00   0.129586E+01   0.951691E+00
    2.977408   473.869159   0.559825E+00   0.129786E+01   0.953700E+00
    2.983683   474.867824   0.561043E+00   0.129987E+01   0.955710E+00
    2.989957   475.866489   0.562262E+00   0.130187E+01   0.957720E+00
    2.996232   476.865154   0.563480E+00   0.130388E+01   0.959730E+00
    3.002507   477.863818   0.564699E+00   0.130588E+01   0.961740E+00
    3.008782   478.862483   0.565918E+00   0.130789E+01   0.963750E+00
    3.015057   479.861148   0.567138E+00   0.130989E+01   0.965760E+00
    3.021331   480.859813   0.568357E+00   0.131190E+01   0.967770E+00
    3.027606   481.858478   0.569577E+00   0.131390E+01   0.969780E+00
    3.033881   482.857143   0.570798E+00   0.131591E+01   0.971790E+00
    3.040156   483.855808   0.572019E+00   0.131791E+01   0.973799E+00
    3.046430   484.854473   0.573239E+00   0.131991E+01   0.975809E+00
    3.052705   485.853138   0.574461E+00   0.132191E+01   0.977819E+00
    3.058980   486.851802   0.575682E+00   0.132392E+01   0.979829E+00
    3.065255   487.850467   0.576904E+00   0.132592E+01   0.981839E+00
    3.071530   488.849132   0.578126E+00   0.132792E+01   0.983849E+00
    3.077804   489.847797   0.579349E+00   0.132992E+01   0.985859E+00
    3.084079   490.846462   0.580572E+00   0.133193E+01   0.987869E+00
    3.090354   491.845127   0.581795E+00   0.133393E+01   0.989879E+00
    3.096629   492.843792   0.583018E+00   0.133593E+01   0.991888E+00
    3.102904   493.842457   0.584242E+00   0.133793E+01   0.993898E+00
    3.109178   494.841121   0.585466E+00   0.133993E+01   0.995908E+00
    3.115453   495.839786   0.586690E+00   0.134193E+01   0.997918E+00
    3.121728   496.838451   0.587915E+00   0.134394E+01   0.999928E+00
    3.128003   497.837116   0.589140E+00   0.134594E+01   0.100194E+01
    3.134278   498.835781   0.590365E+00   0.134794E+01   0.100395E+01
    3.140552   499.834446   0.591591E+00   0.134994E+01   0.100596E+01
    3.146827   500.833111   0.592817E+00   0.135194E+01   0.100797E+01
    3.153102   501.831776   0.594043E+00   0.135394E+01   0.100998E+01
    3.159377   502.830441   0.595270E+00   0.135594E+01   0.101199E+01
    3.165652   503.829105   0.596497E+00   0.135794E+01   0.101400E+01
    3.171926   504.827770   0.597724E+00   0.135994E+01   0.101601E+01
    3.178201   505.826435   0.598952E+00   0.136194E+01   0.101802E+01
    3.184476   506.825100   0.600180E+00   0.136393E+01   0.102003E+01
    3.190751   507.823765   0.601408E+00   0.136593E+01   0.102204E+01
    3.197026   508.822430   0.602637E+00   0.136793E+01   0.102405E+01
    3.203300   509.821095   0.603866E+00   0.136993E+01   0.102606E+01
    3.209575   510.819760   0.605095E+00   0.137193E+01   0.102807E+01
    3.215850   511.818425   0.606325E+00   0.137393E+01   0.103008E+01
    3.222125   512.817089   0.607555E+00   0.137593E+01   0.103209E+01
    3.228400   513.815754   0.608785E+00   0.137792E+01   0.103410E+01
    3.234674   514.814419   0.610016E+00   0.137992E+01   0.103611E+01
    3.240949   515.813084   0.611247E+00   0.138192E+01   0.103812E+01
    3.247224   516.811749   0.612478E+00   0.138392E+01   0.104013E+01
    3.253499   517.810414   0.613710E+00   0.138591E+01   0.104214E+01
    3.259774   518.809079   0.614942E+00   0.138791E+01   0.104415E+01
    3.266048   519.807744   0.616174E+00   0.138991E+01   0.104616E+01
    3.272323   520.806409   0.617407E+00   0.139191E+01   0.104817E+01
    3.278598   521.805073   0.618640E+00   0.139390E+01   0.105018E+01
    3.284873   522.803738   0.619873E+00   0.139590E+01   0.105219E+01
    3.291148   523.802403   0.621107E+00   0.139789E+01   0.105420E+01
    3.297422   524.801068   0.622341E+00   0.139989E+01   0.105621E+01
    3.303697   525.799733   0.623576E+00   0.140189E+01   0.105821E+01
    3.309972   526.798398   0.624811E+00   0.140388E+01   0.106022E+01
    3.316247   527.797063   0.626046E+00   0.140588E+01   0.106223E+01
    3.322522   528.795728   0.627282E+00   0.140788E+01   0.106424E+01
    3.328796   529.794393   0.628518E+00   0.140987E+01   0.106625E+01
    3.335071   530.793057   0.629754E+00   0.141187E+01   0.106826E+01
    3.341346   531.791722   0.630991E+00   0.141386E+01   0.107027E+01
    3.347621   532.790387   0.632228E+00   0.141586E+01   0.107228E+01
    3.353896   533.789052   0.633465E+00   0.141785E+01   0.107429E+01
    3.360170   534.787717   0.634703E+00   0.141985E+01   0.107630E+01
    3.366445   535.786382   0.635942E+00   0.142184E+01   0.107831E+01
    3.372720   536.785047   0.637180E+00   0.142384E+01   0.108032E+01
    3.378995   537.783712   0.638419E+00   0.142583E+01   0.108233E+01
    3.385270   538.782377   0.639658E+00   0.142783E+01   0.108434E+01
    3.391544   539.781041   0.640898E+00   0.142982E+01   0.108635E+01
    3.397819   540.779706   0.642138E+00   0.143181E+01   0.108836E+01
    3.404094   541.778371   0.643379E+00   0.143381E+01   0.109037E+01
    3.410369   542.777036   0.644620E+00   0.143580E+01   0.109238E+01
    3.416643   543.775701   0.645861E+00   0.143780E+01   0.109439E+01
    3.422918   544.774366   0.647103E+00   0.143979E+01   0.109640E+01
    3.429193   545.773031   0.648345E+00   0.144178E+01   0.109841E+01
    3.435468   546.771696   0.649587E+00   0.144378E+01   0.110042E+01
    3.441743   547.770360   0.650830E+00   0.144577E+01   0.110243E+01
    3.448017   548.769025   0.652074E+00   0.144777E+01   0.110444E+01
    3.454292   549.767690   0.653317E+00   0.144976E+01   0.110645E+01
    3.460567   550.766355   0.654561E+00   0.145175E+01   0.110846E+01
    3.466842   551.765020   0.655806E+00   0.145374E+01   0.111047E+01
    3.473117   552.763685   0.657051E+00   0.145574E+01   0.111248E+01
    3.479391   553.762350   0.658296E+00   0.145773E+01   0.111449E+01
    3.485666   554.761015   0.659542E+00   0.145972E+01   0.111650E+01
    3.491941   555.759680   0.660788E+00   0.146172E+01   0.111851E+01
    3.498216   556.758344   0.662034E+00   0.146371E+01   0.112052E+01
    3.504491   557.757009   0.663281E+00   0.146570E+01   0.112253E+01
    3.510765   558.755674   0.664529E+00   0.146769E+01   0.112454E+01
    3.517040   559.754339   0.665776E+00   0.146969E+01   0.112655E+01
    3.523315   560.753004   0.667025E+00   0.147168E+01   0.112856E+01
    3.529590   561.751669   0.668273E+00   0.147367E+01   0.113057E+01
    3.535865   562.750334   0.669522E+00   0.147566E+01   0.113258E+01
    3.542139   563.748999   0.670772E+00   0.147765E+01   0.113459E+01
    3.548414   564.747664   0.672022E+00   0.147965E+01   0.113660E+01
    3.554689   565.746328   0.673272E+00   0.148164E+01   0.113861E+01
    3.560964   566.744993   0.674523E+00   0.148363E+01   0.114062E+01
    3.567239   567.743658   0.675774E+00   0.148562E+01   0.114263E+01
    3.573513   568.742323   0.677026E+00   0.148761E+01   0.114464E+01
    3.579788   569.740988   0.678278E+00   0.148960E+01   0.114665E+01
    3.586063   570.739653   0.679530E+00   0.149160E+01   0.114866E+01
    3.592338   571.738318   0.680783E+00   0.149359E+01   0.115067E+01
    3.598613   572.736983   0.682036E+00   0.149558E+01   0.115268E+01
    3.604887   573.735648   0.683290E+00   0.149757E+01   0.115469E+01
    3.611162   574.734312   0.684545E+00   0.149956E+01   0.115670E+01
    3.617437   575.732977   0.685799E+00   0.150155E+01   0.115871E+01
    3.623712   576.731642   0.687054E+00   0.150354E+01   0.116072E+01
    3.629987   577.730307   0.688310E+00   0.150553E+01   0.116273E+01
    3.636261   578.728972   0.689566E+00   0.150752E+01   0.116474E+01
    3.642536   579.727637   0.690823E+00   0.150951E+01   0.116675E+01
    3.648811   580.726302   0.692080E+00   0.151150E+01   0.116876E+01
    3.655086   581.724967   0.693337E+00   0.151349E+01   0.117077E+01
    3.661361   582.723632   0.694595E+00   0.151549E+01   0.117278E+01
    3.667635   583.722296   0.695854E+00   0.151748E+01   0.117479E+01
    3.673910   584.720961   0.697112E+00   0.151947E+01   0.117680E+01
    3.680185   585.719626   0.698372E+00   0.152146E+01   0.117881E+01
    3.686460   586.718291   0.699632E+00   0.152345E+01   0.118082E+01
    3.692735   587.716956   0.700892E+00   0.152544E+01   0.118283E+01
    3.699009   588.715621   0.702153E+00   0.152743E+01   0.118484E+01
    3.705284   589.714286   0.703414E+00   0.152942E+01   0.118685E+01
    3.711559   590.712951   0.704676E+00   0.153141E+01   0.118886E+01
    3.717834   591.711615   0.705938E+00   0.153340E+01   0.119087E+01
    3.724109   592.710280   0.707201E+00   0.153539E+01   0.119288E+01
    3.730383   593.708945   0.708464E+00   0.153738E+01   0.119489E+01
    3.736658   594.707610   0.709728E+00   0.153937E+01   0.119690E+01
    3.742933   595.706275   0.710992E+00   0.154136E+01   0.119891E+01
    3.749208   596.704940   0.712256E+00   0.154334E+01   0.120092E+01
    3.755483   597.703605   0.713521E+00   0.154533E+01   0.120293E+01
    3.761757   598.702270   0.714787E+00   0.154732E+01   0.120494E+01
    3.768032   599.700935   0.716053E+00   0.154931E+01   0.120695E+01
    3.774307   600.699599   0.717320E+00   0.155130E+01   0.120896E+01
    3.780582   601.698264   0.718587E+00   0.155329E+01   0.121097E+01
    3.786856   602.696929   0.719855E+00   0.155528E+01   0.121298E+01
    3.793131   603.695594   0.721123E+00   0.155727E+01   0.121499E+01
    3.799406   604.694259   0.722392E+00   0.155926E+01   0.121700E+01
    3.805681   605.692924   0.723661E+00   0.156125E+01   0.121901E+01
    3.811956   606.691589   0.724931E+00   0.156324E+01   0.122102E+01
    3.818230   607.690254   0.726201E+00   0.156523E+01   0.122303E+01
    3.824505   608.688919   0.727472E+00   0.156722E+01   0.122504E+01
    3.830780   609.687583   0.728743E+00   0.156921E+01   0.122705E+01
    3.837055   610.686248   0.730015E+00   0.157119E+01   0.122906E+01
    3.843330   611.684913   0.731287E+00   0.157318E+01   0.123107E+01
    3.849604   612.683578   0.732560E+00   0.157517E+01   0.123308E+01
    3.855879   613.682243   0.733833E+00   0.157716E+01   0.123509E+01
    3.862154   614.680908   0.735107E+00   0.157915E+01   0.123710E+01
    3.868429   615.679573   0.736382E+00   0.158114E+01   0.123911E+01
    3.874704   616.678238   0.737657E+00   0.158313E+01   0.124112E+01
    3.880978   617.676903   0.738933E+00   0.158512E+01   0.124313E+01
    3.887253   618.675567   0.740209E+00   0.158710E+01   0.124514E+01
    3.893528   619.674232   0.741485E+00   0.158909E+01   0.124715E+01
    3.899803   620.672897   0.742763E+00   0.159108E+01   0.124916E+01
    3.906078   621.671562   0.744040E+00   0.159307E+01   0.125116E+01
    3.912352   622.670227   0.745319E+00   0.159506E+01   0.125317E+01
    3.918627   623.668892   0.746598E+00   0.159705E+01   0.125518E+01
    3.924902   624.667557   0.747877E+00   0.159904E+01   0.125719E+01
    3.931177   625.666222   0.749157E+00   0.160102E+01   0.125920E+01
    3.937452   626.664887   0.750438E+00   0.160301E+01   0.126121E+01
    3.943726   627.663551   0.751719E+00   0.160500E+01   0.126322E+01
    3.950001   628.662216   0.753001E+00   0.160699E+01   0.126523E+01
    3.956276   629.660881   0.754283E+00   0.160898E+01   0.126724E+01
    3.962551   630.659546   0.755566E+00   0.161097E+01   0.126925E+01
    3.968826   631.658211   0.756850E+00   0.161295E+01   0.127126E+01
    3.975100   632.656876   0.758134E+00   0.161494E+01   0.127327E+01
    3.981375   633.655541   0.759418E+00   0.161693E+01   0.127528E+01
    3.987650   634.654206   0.760704E+00   0.161892E+01   0.127729E+01
    3.993925   635.652870   0.761990E+00   0.162091E+01   0.127930E+01
    4.000200   636.651535   0.763276E+00   0.162289E+01   0.128131E+01
    4.006474   637.650200   0.764563E+00   0.162488E+01   0.128332E+01
    4.012749   638.648865   0.765851E+00   0.162687E+01   0.128533E+01
    4.019024   639.647530   0.767139E+00   0.162886E+01   0.128734E+01
    4.025299   640.646195   0.768428E+00   0.163085E+01   0.128935E+01
    4.031574   641.644860   0.769717E+00   0.163283E+01   0.129136E+01
    4.037848   642.643525   0.771007E+00   0.163482E+01   0.129337E+01
    4.044123   643.642190   0.772298E+00   0.163681E+01   0.129538E+01
    4.050398   644.640854   0.773589E+00   0.163880E+01   0.129739E+01
    4.056673   645.639519   0.774881E+00   0.164079E+01   0.129940E+01
    4.062948   646.638184   0.776174E+00   0.164277E+01   0.130141E+01
    4.069222   647.636849   0.777467E+00   0.164476E+01   0.130342E+01
    4.075497   648.635514   0.778761E+00   0.164675E+01   0.130543E+01
    4.081772   649.634179   0.780056E+00   0.164874E+01   0.130744E+01
    4.088047   650.632844   0.781351E+00   0.165073E+01   0.130945E+01
    4.094322   651.631509   0.782647E+00   0.165271E+01   0.131146E+01
    4.100596   652.630174   0.783943E+00   0.165470E+01   0.131347E+01
    4.106871   653.628838   0.785240E+00   0.165669E+01   0.131548E+01
    4.113146   654.627503   0.786538E+00   0.165868E+01   0.131749E+01
    4.119421   655.626168   0.787836E+00   0.166067E+01   0.131950E+01
    4.125696   656.624833   0.789135E+00   0.166265E+01   0.132151E+01
    4.131970   657.623498   0.790435E+00   0.166464E+01   0.132352E+01
    4.138245   658.622163   0.791735E+00   0.166663E+01   0.132553E+01
    4.144520   659.620828   0.793036E+00   0.166862E+01   0.132754E+01
    4.150795   660.619493   0.794338E+00   0.167061E+01   0.132955E+01
    4.157069   661.618158   0.795640E+00   0.167259E+01   0.133156E+01
    4.163344   662.616822   0.796943E+00   0.167458E+01   0.133357E+01
    4.169619   663.615487   0.798247E+00   0.167657E+01   0.133558E+01
    4.175894   664.614152   0.799551E+00   0.167856E+01   0.133759E+01
    4.182169   665.612817   0.800856E+00   0.168054E+01   0.133960E+01
    4.188443   666.611482   0.802162E+00   0.168253E+01   0.134161E+01
    4.194718   667.610147   0.803469E+00   0.168452E+01   0.134362E+01
    4.200993   668.608812   0.804776E+00   0.168651E+01   0.134563E+01
    4.207268   669.607477   0.806084E+00   0.168850E+01   0.134764E+01
    4.213543   670.606142   0.807392E+00   0.169048E+01   0.134965E+01
    4.219817   671.604806   0.808702E+00   0.169247E+01   0.135166E+01
    4.226092   672.603471   0.810012E+00   0.169446E+01   0.135367E+01
    4.232367   673.602136   0.811322E+00   0.169645E+01   0.135568E+01
    4.238642   674.600801   0.812634E+00   0.169844E+01   0.135769E+01
    4.244917   675.599466   0.813946E+00   0.170042E+01   0.135970E+01
    4.251191   676.598131   0.815259E+00   0.170241E+01   0.136171E+01
    4.257466   677.596796   0.816572E+00   0.170440E+01   0.136372E+01
    4.263741   678.595461   0.817887E+00   0.170639E+01   0.136573E+01
    4.270016   679.594126   0.819202E+00   0.170837E+01   0.136774E+01
    4.276291   680.592790   0.820518E+00   0.171036E+01   0.136975E+01
    4.282565   681.591455   0.821834E+00   0.171235E+01   0.137176E+01
    4.288840   682.590120   0.823152E+00   0.171434E+01   0.137377E+01
    4.295115   683.588785   0.824470E+00   0.171633E+01   0.137578E+01
    4.301390   684.587450   0.825788E+00   0.171831E+01   0.137779E+01
    4.307665   685.586115   0.827108E+00   0.172030E+01   0.137980E+01
    4.313939   686.584780   0.828428E+00   0.172229E+01   0.138181E+01
    4.320214   687.583445   0.829750E+00   0.172428E+01   0.138382E+01
    4.326489   688.582109   0.831071E+00   0.172627E+01   0.138583E+01
    4.332764   689.580774   0.832394E+00   0.172825E+01   0.138784E+01
    4.339039   690.579439   0.833717E+00   0.173024E+01   0.138985E+01
    4.345313   691.578104   0.835042E+00   0.173223E+01   0.139186E+01
    4.351588   692.576769   0.836367E+00   0.173422E+01   0.139387E+01
    4.357863   693.575434   0.837693E+00   0.173621E+01   0.139588E+01
    4.364138   694.574099   0.839019E+00   0.173819E+01   0.139789E+01
    4.370413   695.572764   0.840347E+00   0.174018E+01   0.139990E+01
    4.376687   696.571429   0.841675E+00   0.174217E+01   0.140191E+01
    4.382962   697.570093   0.843004E+00   0.174416E+01   0.140392E+01
    4.389237   698.568758   0.844334E+00   0.174615E+01   0.140593E+01
    4.395512   699.567423   0.845664E+00   0.174813E+01   0.140794E+01
    4.401787   700.566088   0.846996E+00   0.175012E+01   0.140995E+01
    4.408061   701.564753   0.848328E+00   0.175211E+01   0.141196E+01
    4.414336   702.563418   0.849661E+00   0.175410E+01   0.141397E+01
    4.420611   703.562083   0.850995E+00   0.175609E+01   0.141598E+01
    4.426886   704.560748   0.852330E+00   0.175808E+01   0.141799E+01
    4.433161   705.559413   0.853666E+00   0.176006E+01   0.142000E+01
    4.439435   706.558077   0.855002E+00   0.176205E+01   0.142201E+01
    4.445710   707.556742   0.856340E+00   0.176404E+01   0.142402E+01
    4.451985   708.555407   0.857678E+00   0.176603E+01   0.142603E+01
    4.458260   709.554072   0.859017E+00   0.176802E+01   0.142804E+01
    4.464535   710.552737   0.860357E+00   0.177001E+01   0.143005E+01
    4.470809   711.551402   0.861698E+00   0.177199E+01   0.143206E+01
    4.477084   712.550067   0.863039E+00   0.177398E+01   0.143407E+01
    4.483359   713.548732   0.864382E+00   0.177597E+01   0.143608E+01
    4.489634   714.547397   0.865725E+00   0.177796E+01   0.143809E+01
    4.495908   715.546061   0.867070E+00   0.177995E+01   0.144009E+01
    4.502183   716.544726   0.868415E+00   0.178194E+01   0.144210E+01
    4.508458   717.543391   0.869761E+00   0.178392E+01   0.144411E+01
    4.514733   718.542056   0.871108E+00   0.178591E+01   0.144612E+01
    4.521008   719.540721   0.872456E+00   0.178790E+01   0.144813E+01
    4.527282   720.539386   0.873805E+00   0.178989E+01   0.145014E+01
    4.533557   721.538051   0.875154E+00   0.179188E+01   0.145215E+01
    4.539832   722.536716   0.876505E+00   0.179387E+01   0.145416E+01
    4.546107   723.535381   0.877857E+00   0.179586E+01   0.145617E+01
    4.552382   724.534045   0.879209E+00   0.179785E+01   0.145818E+01
    4.558656   725.532710   0.880563E+00   0.179983E+01   0.146019E+01
    4.564931   726.531375   0.881917E+00   0.180182E+01   0.146220E+01
    4.571206   727.530040   0.883272E+00   0.180381E+01   0.146421E+01
    4.577481   728.528705   0.884629E+00   0.180580E+01   0.146622E+01
    4.583756   729.527370   0.885986E+00   0.180779E+01   0.146823E+01
    4.590030   730.526035   0.887344E+00   0.180978E+01   0.147024E+01
    4.596305   731.524700   0.888704E+00   0.181177E+01   0.147225E+01
    4.602580   732.523364   0.890064E+00   0.181376E+01   0.147426E+01
    4.608855   733.522029   0.891425E+00   0.181575E+01   0.147627E+01
    4.615130   734.520694   0.892787E+00   0.181773E+01   0.147828E+01
    4.621404   735.519359   0.894150E+00   0.181972E+01   0.148029E+01
    4.627679   736.518024   0.895514E+00   0.182171E+01   0.148230E+01
    4.633954   737.516689   0.896879E+00   0.182370E+01   0.148431E+01
    4.640229   738.515354   0.898246E+00   0.182569E+01   0.148632E+01
    4.646504   739.514019   0.899613E+00   0.182768E+01   0.148833E+01
    4.652778   740.512684   0.900981E+00   0.182967E+01   0.149034E+01
    4.659053   741.511348   0.902350E+00   0.183166E+01   0.149235E+01
    4.665328   742.510013   0.903720E+00   0.183365E+01   0.149436E+01
    4.671603   743.508678   0.905092E+00   0.183564E+01   0.149637E+01
    4.677878   744.507343   0.906464E+00   0.183763E+01   0.149838E+01
    4.684152   745.506008   0.907837E+00   0.183962E+01   0.150039E+01
    4.690427   746.504673   0.909212E+00   0.184161E+01   0.150240E+01
    4.696702   747.503338   0.910587E+00   0.184360E+01   0.150441E+01
    4.702977   748.502003   0.911964E+00   0.184559E+01   0.150642E+01
    4.709252   749.500668   0.913341E+00   0.184757E+01   0.150843E+01
