-2 -4
-1,95959595959596 -3,90909090909091
-1,91919191919192 -3,81818181818182
-1,87878787878788 -3,72727272727273
-1,83838383838384 -3,63636363636364
-1,7979797979798 -3,54545454545455
-1,75757575757576 -3,45454545454545
-1,71717171717172 -3,36363636363636
-1,67676767676768 -3,27272727272727
-1,63636363636364 -3,18181818181818
-1,5959595959596 -3,09090909090909
-1,55555555555556 -3
-1,51515151515152 -2,90909090909091
-1,47474747474747 -2,81818181818182
-1,43434343434343 -2,72727272727273
-1,39393939393939 -2,63636363636364
-1,35353535353535 -2,54545454545455
-1,31313131313131 -2,45454545454545
-1,27272727272727 -2,36363636363636
-1,23232323232323 -2,27272727272727
-1,19191919191919 -2,18181818181818
-1,15151515151515 -2,09090909090909
-1,11111111111111 -2
-1,07070707070707 -1,90909090909091
-1,03030303030303 -1,81818181818182
-0,98989898989899 -1,72727272727273
-0,949494949494949 -1,63636363636364
-0,909090909090909 -1,54545454545455
-0,868686868686869 -1,45454545454545
-0,828282828282828 -1,36363636363636
-0,787878787878788 -1,27272727272727
-0,747474747474747 -1,18181818181818
-0,707070707070707 -1,09090909090909
-0,666666666666667 -1
-0,626262626262626 -0,909090909090909
-0,585858585858586 -0,818181818181818
-0,545454545454545 -0,727272727272727
-0,505050505050505 -0,636363636363636
-0,464646464646465 -0,545454545454545
-0,424242424242424 -0,454545454545455
-0,383838383838384 -0,363636363636363
-0,343434343434343 -0,272727272727272
-0,303030303030303 -0,181818181818182
-0,262626262626263 -0,0909090909090908
-0,222222222222222 0
-0,181818181818182 0,0909090909090908
-0,141414141414141 0,181818181818182
-0,101010101010101 0,272727272727272
-0,0606060606060606 0,363636363636363
-0,0202020202020201 0,454545454545455
0,0202020202020203 0,545454545454546
0,060606060606061 0,636363636363637
0,101010101010101 0,727272727272728
0,141414141414141 0,818181818181818
0,181818181818182 0,909090909090909
0,222222222222222 1
0,262626262626263 1,09090909090909
0,303030303030303 1,18181818181818
0,343434343434343 1,27272727272727
0,383838383838384 1,36363636363636
0,424242424242424 1,45454545454546
0,464646464646465 1,54545454545455
0,505050505050505 1,63636363636364
0,545454545454546 1,72727272727273
0,585858585858586 1,81818181818182
0,626262626262626 1,90909090909091
0,666666666666667 2
0,707070707070707 2,09090909090909
0,747474747474748 2,18181818181818
0,787878787878788 2,27272727272727
0,828282828282829 2,36363636363636
0,868686868686869 2,45454545454546
0,909090909090909 2,54545454545455
0,94949494949495 2,63636363636364
0,98989898989899 2,72727272727273
1,03030303030303 2,81818181818182
1,07070707070707 2,90909090909091
1,11111111111111 3
1,15151515151515 3,09090909090909
1,19191919191919 3,18181818181818
1,23232323232323 3,27272727272727
1,27272727272727 3,36363636363636
1,31313131313131 3,45454545454546
1,35353535353535 3,54545454545455
1,39393939393939 3,63636363636364
1,43434343434343 3,72727272727273
1,47474747474747 3,81818181818182
1,51515151515152 3,90909090909091
1,55555555555556 4
1,5959595959596 4,09090909090909
1,63636363636364 4,18181818181818
1,67676767676768 4,27272727272727
1,71717171717172 4,36363636363636
1,75757575757576 4,45454545454546
1,7979797979798 4,54545454545455
1,83838383838384 4,63636363636364
1,87878787878788 4,72727272727273
1,91919191919192 4,81818181818182
1,95959595959596 4,90909090909091
2 5
